 &FCI NORB= 10,NELEC=10,MS2= 0,
  ORBSYM=1,1,1,1,1,1,1,1,1,1,
  ISYM=1
 &END
   0.825337811246      1  1  1  1
  -0.342969423580E-02  2  1  1  1
   0.395831088840E-03  2  1  2  1
   0.240674642759      2  2  1  1
  -0.128738574095E-02  2  2  2  1
   0.891237291256      2  2  2  2
  -0.177315393348E-03  3  1  1  1
   0.888464792383E-05  3  1  2  1
   0.229387807866E-03  3  1  2  2
   0.600629782695E-06  3  1  3  1
   0.681398331405E-03  3  2  1  1
   0.611723211226E-04  3  2  2  1
   0.286050969340E-02  3  2  2  2
  -0.749597272253E-05  3  2  3  1
   0.431484963843E-03  3  2  3  2
   0.122646267766      3  3  1  1
  -0.397737355892E-03  3  3  2  1
   0.247808794565      3  3  2  2
  -0.186124184473E-03  3  3  3  1
   0.285517012537E-02  3  3  3  2
   0.891415558496      3  3  3  3
  -0.100500391812E-04  4  1  1  1
   0.384950056114E-06  4  1  2  1
   0.638193799388E-05  4  1  2  2
   0.164115871548E-07  4  1  3  1
  -0.944621347970E-07  4  1  3  2
   0.524106315955E-05  4  1  3  3
   0.121025683785E-08  4  1  4  1
   0.406684995336E-04  4  2  1  1
   0.155769411242E-05  4  2  2  1
   0.211187342145E-03  4  2  2  2
  -0.138930621990E-07  4  2  3  1
   0.895604740545E-05  4  2  3  2
  -0.225316161845E-03  4  2  3  3
  -0.155395042830E-07  4  2  4  1
   0.714995003670E-06  4  2  4  2
   0.129211440438E-03  4  3  1  1
  -0.441043482319E-05  4  3  2  1
   0.724603328116E-03  4  3  2  2
   0.101716908535E-05  4  3  3  1
  -0.582237604245E-04  4  3  3  2
   0.285819301028E-02  4  3  3  3
  -0.339811556919E-06  4  3  4  1
   0.895400748091E-05  4  3  4  2
   0.431562150427E-03  4  3  4  3
   0.823055221481E-01  4  4  1  1
  -0.234919768800E-04  4  4  2  1
   0.124607204551      4  4  2  2
  -0.370973386694E-04  4  4  3  1
   0.724079826488E-03  4  4  3  2
   0.247826874513      4  4  3  3
  -0.964293330577E-05  4  4  4  1
   0.211155412908E-03  4  4  4  2
   0.285824641848E-02  4  4  4  3
   0.891408341250      4  4  4  4
   0.483601491644E-06  5  1  1  1
  -0.184608294099E-07  5  1  2  1
  -0.241906543301E-06  5  1  2  2
  -0.762627505824E-09  5  1  3  1
   0.377560584691E-08  5  1  3  2
  -0.127781535999E-06  5  1  3  3
  -0.374662510448E-10  5  1  4  1
   0.184711384189E-09  5  1  4  2
   0.402685598524E-08  5  1  4  3
  -0.194917285926E-06  5  1  4  4
   0.299023770427E-11  5  1  5  1
  -0.216592412309E-05  5  2  1  1
  -0.590101787297E-07  5  2  2  1
  -0.113260492342E-04  5  2  2  2
   0.579067558865E-09  5  2  3  1
  -0.389473334706E-06  5  2  3  2
   0.588063948264E-05  5  2  3  3
   0.185623165286E-09  5  2  4  1
  -0.183255480366E-07  5  2  4  2
  -0.115216109133E-06  5  2  4  3
   0.595840232634E-05  5  2  4  4
  -0.363826582627E-10  5  2  5  1
   0.145801933097E-08  5  2  5  2
  -0.934769383233E-05  5  3  1  1
   0.209085681792E-06  5  3  2  1
  -0.425317285209E-04  5  3  2  2
   0.229824758065E-08  5  3  3  1
   0.120408819220E-05  5  3  3  2
  -0.209233076752E-03  5  3  3  3
   0.130381771538E-08  5  3  4  1
  -0.327309576428E-07  5  3  4  2
  -0.885902294919E-05  5  3  4  3
   0.225841213100E-03  5  3  4  4
  -0.744313965260E-09  5  3  5  1
   0.184112775431E-07  5  3  5  2
   0.707689762972E-06  5  3  5  3
  -0.418865634525E-04  5  4  1  1
   0.278758813226E-06  5  4  2  1
  -0.126803261725E-03  5  4  2  2
   0.256231552081E-06  5  4  3  1
  -0.587434839746E-05  5  4  3  2
  -0.702582957219E-03  5  4  3  3
  -0.368455617411E-07  5  4  4  1
   0.124056262867E-05  5  4  4  2
   0.584832381863E-04  5  4  4  3
  -0.275002786692E-02  5  4  4  4
  -0.164945697286E-07  5  4  5  1
   0.393263660800E-06  5  4  5  2
   0.896593726239E-05  5  4  5  3
   0.429235490635E-03  5  4  5  4
   0.619003686675E-01  5  5  1  1
   0.928678233438E-05  5  5  2  1
   0.831489727616E-01  5  5  2  2
  -0.816778787970E-05  5  5  3  1
   0.133794281407E-03  5  5  3  2
   0.124494475488      5  5  3  3
  -0.190153958034E-05  5  5  4  1
   0.428408424965E-04  5  5  4  2
   0.722052484920E-03  5  5  4  3
   0.247394448513      5  5  4  4
   0.476526953778E-06  5  5  5  1
  -0.113920831342E-04  5  5  5  2
  -0.209793899080E-03  5  5  5  3
  -0.293542991318E-02  5  5  5  4
   0.887261639977      5  5  5  5
  -0.845058602624E-02  6  1  1  1
   0.899965472008E-03  6  1  2  1
  -0.117077404299E-01  6  1  2  2
   0.270692633271E-04  6  1  3  1
  -0.133950150426E-03  6  1  3  2
  -0.106831781339E-02  6  1  3  3
   0.135522819931E-05  6  1  4  1
  -0.601497822862E-05  6  1  4  2
  -0.683540600025E-05  6  1  4  3
  -0.240270361273E-03  6  1  4  4
  -0.649962400256E-07  6  1  5  1
   0.290697171281E-06  6  1  5  2
   0.368954787153E-06  6  1  5  3
   0.822716673339E-06  6  1  5  4
  -0.820937831100E-04  6  1  5  5
   0.933162815630E-02  6  1  6  1
   0.114553500644E-01  6  2  1  1
  -0.998623922686E-03  6  2  2  1
   0.140538061381E-01  6  2  2  2
  -0.113737603835E-04  6  2  3  1
  -0.296936595512E-03  6  2  3  2
   0.346947682495E-02  6  2  3  3
  -0.514382076914E-06  6  2  4  1
  -0.618889956302E-05  6  2  4  2
   0.309137878002E-04  6  2  4  3
   0.576525229133E-03  6  2  4  4
   0.260079671176E-07  6  2  5  1
   0.196817163088E-06  6  2  5  2
  -0.150271979297E-05  6  2  5  3
  -0.232848265748E-05  6  2  5  4
   0.189262390761E-03  6  2  5  5
   0.150265178547E-02  6  2  6  1
   0.102630183756E-01  6  2  6  2
   0.510662183603E-03  6  3  1  1
  -0.211431486895E-05  6  3  2  1
  -0.105951038610E-02  6  3  2  2
  -0.206059733705E-05  6  3  3  1
   0.527079342098E-04  6  3  3  2
   0.766639593871E-03  6  3  3  3
  -0.368471940307E-07  6  3  4  1
   0.494545161321E-06  6  3  4  2
  -0.863063741737E-05  6  3  4  3
   0.169510389100E-03  6  3  4  4
   0.160953961106E-08  6  3  5  1
  -0.199741708019E-07  6  3  5  2
   0.119618675653E-06  6  3  5  3
  -0.125589830719E-05  6  3  5  4
   0.348360610551E-04  6  3  5  5
   0.461731944666E-04  6  3  6  1
   0.162088754602E-03  6  3  6  2
   0.170455852221E-04  6  3  6  3
   0.273059296367E-04  6  4  1  1
  -0.319838584132E-07  6  4  2  1
  -0.228134115362E-04  6  4  2  2
  -0.289270331378E-07  6  4  3  1
   0.865447064409E-06  6  4  3  2
  -0.368838014707E-04  6  4  3  3
  -0.390623975128E-08  6  4  4  1
   0.995346776906E-07  6  4  4  2
   0.177362147522E-05  6  4  4  3
   0.504437213257E-04  6  4  4  4
   0.728636507563E-10  6  4  5  1
  -0.161311867343E-08  6  4  5  2
  -0.446904369164E-08  6  4  5  3
   0.204062774875E-06  6  4  5  4
   0.100413694774E-04  6  4  5  5
   0.114222796621E-05  6  4  6  1
   0.702971073038E-05  6  4  6  2
   0.413073833983E-06  6  4  6  3
   0.310705085091E-07  6  4  6  4
  -0.134070724488E-05  6  5  1  1
   0.376483662959E-08  6  5  2  1
   0.719458791146E-06  6  5  2  2
   0.128642931170E-08  6  5  3  1
  -0.355354015228E-07  6  5  3  2
   0.949192032289E-06  6  5  3  3
   0.759837942991E-10  6  5  4  1
  -0.166989922851E-08  6  5  4  2
  -0.206784938090E-07  6  5  4  3
   0.106621450390E-05  6  5  4  4
  -0.983035941970E-11  6  5  5  1
   0.217377017924E-09  6  5  5  2
   0.386289939318E-08  6  5  5  3
   0.865061042517E-07  6  5  5  4
  -0.249498611323E-05  6  5  5  5
  -0.492829386530E-07  6  5  6  1
  -0.345962872656E-06  6  5  6  2
  -0.185743645394E-07  6  5  6  3
  -0.847338188354E-09  6  5  6  4
   0.721598734176E-10  6  5  6  5
   0.439918152664      6  6  1  1
   0.569833119021E-02  6  6  2  1
   0.458939110338      6  6  2  2
   0.163832709409E-03  6  6  3  1
   0.245703078988E-02  6  6  3  2
   0.165690497441      6  6  3  3
   0.407339720733E-05  6  6  4  1
   0.127590580779E-03  6  6  4  2
   0.275946046275E-03  6  6  4  3
   0.997095479678E-01  6  6  4  4
  -0.167584142842E-06  6  6  5  1
  -0.646521521906E-05  6  6  5  2
  -0.182814346684E-04  6  6  5  3
  -0.703317486287E-04  6  6  5  4
   0.712662772097E-01  6  6  5  5
  -0.120709422807E-01  6  6  6  1
   0.136873300756E-01  6  6  6  2
   0.793091896896E-03  6  6  6  3
   0.505102459957E-04  6  6  6  4
  -0.249508281455E-05  6  6  6  5
   0.887261639978      6  6  6  6
   0.795175776006E-03  7  1  1  1
  -0.519321222986E-04  7  1  2  1
  -0.112496308352E-02  7  1  2  2
  -0.215798391541E-05  7  1  3  1
  -0.125514248618E-05  7  1  3  2
   0.410809372222E-03  7  1  3  3
  -0.806268584878E-07  7  1  4  1
  -0.306876777829E-06  7  1  4  2
   0.430854217922E-05  7  1  4  3
   0.420732098597E-04  7  1  4  4
   0.384592233624E-08  7  1  5  1
   0.106447556875E-07  7  1  5  2
  -0.197496655455E-06  7  1  5  3
  -0.257195285804E-06  7  1  5  4
   0.854514578217E-05  7  1  5  5
  -0.141419834629E-03  7  1  6  1
   0.772374354922E-04  7  1  6  2
   0.415927209804E-05  7  1  6  3
   0.904902430159E-07  7  1  6  4
  -0.466668161811E-08  7  1  6  5
  -0.103100522248E-02  7  1  6  6
   0.150713716983E-04  7  1  7  1
  -0.324524732152E-02  7  2  1  1
  -0.312462780209E-03  7  2  2  1
  -0.140049185589E-01  7  2  2  2
   0.953449428753E-05  7  2  3  1
  -0.104127782862E-02  7  2  3  2
  -0.125758520549E-01  7  2  3  3
   0.219453630870E-06  7  2  4  1
  -0.320849509986E-04  7  2  4  2
  -0.140820598450E-03  7  2  4  3
  -0.124338417488E-02  7  2  4  4
  -0.123236809547E-07  7  2  5  1
   0.158556953938E-05  7  2  5  2
   0.629517235296E-05  7  2  5  3
   0.726982195094E-05  7  2  5  4
  -0.312958178908E-03  7  2  5  5
   0.724460520063E-03  7  2  6  1
   0.145737397998E-02  7  2  6  2
  -0.795198427120E-04  7  2  6  3
  -0.235709616908E-05  7  2  6  4
   0.124257999577E-06  7  2  6  5
  -0.124957221208E-01  7  2  6  6
  -0.135188305697E-03  7  2  7  1
   0.103356752569E-01  7  2  7  2
  -0.118055933792E-02  7  3  1  1
   0.111630718452E-03  7  3  2  1
  -0.125683968469E-01  7  3  2  2
   0.262135672718E-04  7  3  3  1
  -0.104215285966E-02  7  3  3  2
  -0.140240134708E-01  7  3  3  3
   0.209662386139E-06  7  3  4  1
  -0.118229013054E-04  7  3  4  2
   0.297561403768E-03  7  3  4  3
  -0.346714578790E-02  7  3  4  4
  -0.973459735716E-08  7  3  5  1
   0.537457374283E-06  7  3  5  2
  -0.614440640858E-05  7  3  5  3
   0.303990230910E-04  7  3  5  4
  -0.574255171108E-03  7  3  5  5
   0.150708061022E-03  7  3  6  1
  -0.761835113426E-03  7  3  6  2
  -0.162194947502E-03  7  3  6  3
  -0.148359844210E-05  7  3  6  4
   0.662300494525E-07  7  3  6  5
  -0.345338048602E-02  7  3  6  6
   0.434111389904E-04  7  3  7  1
  -0.145932796990E-02  7  3  7  2
   0.103391845335E-01  7  3  7  3
  -0.680368357862E-04  7  4  1  1
   0.415952844859E-05  7  4  2  1
  -0.547136843737E-03  7  4  2  2
  -0.321812292515E-06  7  4  3  1
   0.803863583130E-06  7  4  3  2
   0.106411677342E-02  7  4  3  3
   0.719708607739E-07  7  4  4  1
  -0.232350500744E-05  7  4  4  2
  -0.529217982277E-04  7  4  4  3
  -0.786050459758E-03  7  4  4  4
  -0.808904914650E-09  7  4  5  1
   0.390268885076E-07  7  4  5  2
   0.480272075123E-06  7  4  5  3
  -0.871157145412E-05  7  4  5  4
  -0.173069750792E-03  7  4  5  5
   0.620130316553E-05  7  4  6  1
  -0.287835989206E-04  7  4  6  2
   0.129673099601E-05  7  4  6  3
  -0.409347160104E-06  7  4  6  4
   0.526741154347E-08  7  4  6  5
  -0.173069768203E-03  7  4  6  6
   0.118971655208E-05  7  4  7  1
  -0.444076786332E-04  7  4  7  2
   0.164079445236E-03  7  4  7  3
   0.171768243857E-04  7  4  7  4
   0.429593717374E-05  7  5  1  1
  -0.200870073000E-06  7  5  2  1
   0.291371818809E-04  7  5  2  2
   0.114513941607E-07  7  5  3  1
  -0.613017558427E-07  7  5  3  2
  -0.225889600399E-04  7  5  3  3
  -0.596527838562E-09  7  5  4  1
   0.320048580425E-07  7  5  4  2
   0.855592641806E-06  7  5  4  3
  -0.371080821530E-04  7  5  4  4
   0.156358518501E-09  7  5  5  1
  -0.445115604026E-08  7  5  5  2
  -0.995005626478E-07  7  5  5  3
  -0.179565518427E-05  7  5  5  4
   0.505101364723E-04  7  5  5  5
  -0.314517839205E-06  7  5  6  1
   0.140210177534E-05  7  5  6  2
  -0.532961134922E-07  7  5  6  3
   0.381834009615E-08  7  5  6  4
  -0.847332775221E-09  7  5  6  5
   0.100413940648E-04  7  5  6  6
  -0.226044680193E-07  7  5  7  1
   0.992498178381E-06  7  5  7  2
  -0.705138978550E-05  7  5  7  3
  -0.409347259471E-06  7  5  7  4
   0.310705087799E-07  7  5  7  5
  -0.231188111108E-02  7  6  1  1
   0.431370792811E-04  7  6  2  1
   0.566252456741E-02  7  6  2  2
   0.543813220442E-05  7  6  3  1
  -0.312561843320E-04  7  6  3  2
  -0.241691650073E-02  7  6  3  3
   0.157916077197E-06  7  6  4  1
   0.434813629139E-06  7  6  4  2
  -0.257689109401E-04  7  6  4  3
  -0.264806469532E-03  7  6  4  4
  -0.764934033707E-08  7  6  5  1
  -0.679879219892E-09  7  6  5  2
   0.116616402318E-05  7  6  5  3
   0.144953919479E-05  7  6  5  4
  -0.703317485111E-04  7  6  5  5
  -0.301072467559E-03  7  6  6  1
  -0.102985089134E-02  7  6  6  2
  -0.528981018334E-04  7  6  6  3
  -0.179565555830E-05  7  6  6  4
   0.865064770109E-07  7  6  6  5
  -0.293542991458E-02  7  6  6  6
  -0.481998292393E-04  7  6  7  1
   0.104213834555E-02  7  6  7  2
  -0.298926557702E-03  7  6  7  3
  -0.871157114991E-05  7  6  7  4
   0.204062378553E-06  7  6  7  5
   0.429235490680E-03  7  6  7  6
   0.162498228018      7  7  1  1
  -0.169667224875E-02  7  7  2  1
   0.460176703095      7  7  2  2
   0.149816807815E-03  7  7  3  1
  -0.567529201204E-02  7  7  3  2
   0.460232919450      7  7  3  3
   0.588103674154E-05  7  7  4  1
  -0.158394970948E-03  7  7  4  2
   0.246874886609E-02  7  7  4  3
   0.165894131124      7  7  4  4
  -0.174020644079E-06  7  7  5  1
   0.372789238123E-05  7  7  5  2
  -0.126930318179E-03  7  7  5  3
  -0.264806469950E-03  7  7  5  4
   0.997095479678E-01  7  7  5  5
  -0.311964682770E-02  7  7  6  1
   0.125790082387E-01  7  7  6  2
  -0.107018446756E-02  7  7  6  3
  -0.371080711118E-04  7  7  6  4
   0.106619698923E-05  7  7  6  5
   0.247394448514      7  7  6  6
   0.534440278630E-03  7  7  7  1
  -0.140321930569E-01  7  7  7  2
  -0.140223486156E-01  7  7  7  3
  -0.786050545960E-03  7  7  7  4
   0.504438316976E-04  7  7  7  5
  -0.275002786469E-02  7  7  7  6
   0.891408341252      7  7  7  7
   0.430326645283E-04  8  1  1  1
  -0.176924976924E-05  8  1  2  1
  -0.385717553339E-04  8  1  2  2
  -0.873103715798E-07  8  1  3  1
   0.717740924841E-06  8  1  3  2
  -0.196005923250E-04  8  1  3  3
  -0.384051549337E-08  8  1  4  1
   0.253707513628E-07  8  1  4  2
  -0.644064442185E-07  8  1  4  3
   0.256514654685E-04  8  1  4  4
   0.160700886306E-09  8  1  5  1
  -0.539202030583E-09  8  1  5  2
   0.944367282631E-08  8  1  5  3
  -0.230321751834E-06  8  1  5  4
   0.385315977003E-05  8  1  5  5
  -0.598936978017E-05  8  1  6  1
   0.223360354201E-05  8  1  6  2
   0.235908318510E-06  8  1  6  3
   0.909464123189E-08  8  1  6  4
  -0.300997473165E-09  8  1  6  5
  -0.245868847221E-04  8  1  6  6
   0.390255725811E-06  8  1  7  1
  -0.117161340720E-05  8  1  7  2
  -0.183819190949E-05  8  1  7  3
  -0.620210124199E-07  8  1  7  4
   0.140399431433E-09  8  1  7  5
  -0.832788282524E-06  8  1  7  6
  -0.350537802147E-04  8  1  7  7
   0.259441294184E-07  8  1  8  1
  -0.163877550066E-03  8  2  1  1
  -0.973520937518E-05  8  2  2  1
  -0.786421620386E-03  8  2  2  2
   0.355198283464E-06  8  2  3  1
  -0.529168299091E-04  8  2  3  2
   0.106443927207E-02  8  2  3  3
   0.320706978882E-07  8  2  4  1
  -0.232365652363E-05  8  2  4  2
   0.812448039180E-06  8  2  4  3
  -0.546867428825E-03  8  2  4  4
  -0.798640750390E-09  8  2  5  1
   0.844284291552E-07  8  2  5  2
  -0.304318010093E-06  8  2  5  3
   0.529963876635E-05  8  2  5  4
  -0.709111178657E-04  8  2  5  5
   0.273063871387E-04  8  2  6  1
   0.443270922548E-04  8  2  6  2
  -0.418670279016E-05  8  2  6  3
  -0.256743914078E-06  8  2  6  4
   0.769272361714E-08  8  2  6  5
  -0.544771806659E-03  8  2  6  6
   0.127536554237E-05  8  2  7  1
   0.163965529769E-03  8  2  7  2
   0.793662571565E-04  8  2  7  3
   0.416884623057E-05  8  2  7  4
  -0.836818240553E-07  8  2  7  5
  -0.529836141315E-06  8  2  7  6
   0.106385384275E-02  8  2  7  7
  -0.348383084014E-06  8  2  8  1
   0.171732943135E-04  8  2  8  2
  -0.552495931691E-03  8  3  1  1
   0.231889140340E-04  8  3  2  1
  -0.346647173695E-02  8  3  2  2
  -0.520947640808E-05  8  3  3  1
   0.297615690047E-03  8  3  3  2
  -0.140234032400E-01  8  3  3  3
   0.462673935982E-06  8  3  4  1
  -0.118177638240E-04  8  3  4  2
  -0.104200171497E-02  8  3  4  3
  -0.125719853647E-01  8  3  4  4
  -0.110087016675E-07  8  3  5  1
   0.280852953582E-06  8  3  5  2
   0.316841759835E-04  8  3  5  3
   0.138871009734E-03  8  3  5  4
  -0.123889766755E-02  8  3  5  5
   0.338398920053E-04  8  3  6  1
  -0.160896724630E-03  8  3  6  2
   0.444541228593E-04  8  3  6  3
  -0.231811688085E-05  8  3  6  4
   0.529220480197E-07  8  3  6  5
  -0.123889766759E-02  8  3  6  6
  -0.231433907310E-04  8  3  7  1
   0.761770753269E-03  8  3  7  2
  -0.145952550346E-02  8  3  7  3
   0.793508405080E-04  8  3  7  4
  -0.231811851917E-05  8  3  7  5
   0.138871009803E-03  8  3  7  6
  -0.125719853665E-01  8  3  7  7
  -0.615836784124E-05  8  3  8  1
   0.164040832855E-03  8  3  8  2
   0.103393296609E-01  8  3  8  3
  -0.302822317263E-03  8  4  1  1
   0.498066387660E-05  8  4  2  1
  -0.124255472686E-02  8  4  2  2
   0.554158860146E-05  8  4  3  1
  -0.140746036987E-03  8  4  3  2
  -0.125724094891E-01  8  4  3  3
   0.139638427937E-05  8  4  4  1
  -0.320942627801E-04  8  4  4  2
  -0.104195470408E-02  8  4  4  3
  -0.140223486277E-01  8  4  4  4
  -0.139696377374E-07  8  4  5  1
   0.282133541158E-06  8  4  5  2
   0.116727832028E-04  8  4  5  3
  -0.298926557114E-03  8  4  5  4
  -0.345338048850E-02  8  4  5  5
   0.102037638111E-04  8  4  6  1
  -0.366901030518E-04  8  4  6  2
  -0.283632352064E-04  8  4  6  3
  -0.705138796130E-05  8  4  6  4
   0.662297742327E-07  8  4  6  5
  -0.574255170458E-03  8  4  6  6
  -0.525359931133E-05  8  4  7  1
   0.160970103804E-03  8  4  7  2
   0.761642925233E-03  8  4  7  3
   0.164079444190E-03  8  4  7  4
  -0.148359849391E-05  8  4  7  5
   0.303990229984E-04  8  4  7  6
  -0.346714578576E-02  8  4  7  7
   0.834874047620E-06  8  4  8  1
  -0.444270798690E-04  8  4  8  2
  -0.145952550326E-02  8  4  8  3
   0.103391845334E-01  8  4  8  4
   0.195870411849E-04  8  5  1  1
  -0.218624230087E-06  8  5  2  1
   0.689722938125E-04  8  5  2  2
  -0.216657792258E-06  8  5  3  1
   0.530341519960E-05  8  5  3  2
   0.537127427904E-03  8  5  3  3
   0.759449002383E-08  8  5  4  1
  -0.302666846020E-06  8  5  4  2
  -0.823332930169E-06  8  5  4  3
  -0.107018445561E-02  8  5  4  4
   0.358463026286E-08  8  5  5  1
  -0.852068882415E-07  8  5  5  2
  -0.231689673628E-05  8  5  5  3
  -0.528981018453E-04  8  5  5  4
   0.793091859223E-03  8  5  5  5
  -0.511437990615E-06  8  5  6  1
   0.168028071943E-05  8  5  6  2
   0.109024235972E-05  8  5  6  3
  -0.532959633516E-07  8  5  6  4
  -0.185742714585E-07  8  5  6  5
   0.348360639844E-04  8  5  6  6
   0.218653652269E-06  8  5  7  1
  -0.655106172094E-05  8  5  7  2
  -0.283632360155E-04  8  5  7  3
   0.129673090776E-05  8  5  7  4
   0.413073743566E-06  8  5  7  5
  -0.125589833069E-05  8  5  7  6
   0.169510397260E-03  8  5  7  7
  -0.103929854744E-07  8  5  8  1
   0.113429452752E-05  8  5  8  2
   0.444541221330E-04  8  5  8  3
  -0.162194948018E-03  8  5  8  4
   0.170455852287E-04  8  5  8  5
  -0.118801823320E-03  8  6  1  1
   0.463640618277E-07  8  6  2  1
   0.158380174417E-03  8  6  2  2
   0.200685064798E-06  8  6  3  1
  -0.572800840691E-05  8  6  3  2
   0.158182844672E-03  8  6  3  3
   0.952551158434E-08  8  6  4  1
  -0.223832721832E-06  8  6  4  2
   0.506627136953E-06  8  6  4  3
  -0.126930319175E-03  8  6  4  4
  -0.314560129472E-09  8  6  5  1
   0.634388677181E-08  8  6  5  2
  -0.637522297825E-07  8  6  5  3
   0.116616407589E-05  8  6  5  4
  -0.182814350420E-04  8  6  5  5
  -0.676967688883E-05  8  6  6  1
  -0.316810420013E-04  8  6  6  2
  -0.231689673896E-05  8  6  6  3
  -0.995005713341E-07  8  6  6  4
   0.386292233664E-08  8  6  6  5
  -0.209793889367E-03  8  6  6  6
  -0.519346067034E-06  8  6  7  1
   0.118390473085E-04  8  6  7  2
   0.116727832042E-04  8  6  7  3
   0.480271990968E-06  8  6  7  4
  -0.446900970242E-08  8  6  7  5
   0.896593715083E-05  8  6  7  6
   0.225841215486E-03  8  6  7  7
  -0.879554106573E-07  8  6  8  1
   0.230906915743E-05  8  6  8  2
   0.316841757443E-04  8  6  8  3
  -0.614440763091E-05  8  6  8  4
   0.119618678050E-06  8  6  8  5
   0.707689756370E-06  8  6  8  6
   0.263666810670E-03  8  7  1  1
  -0.205152221917E-04  8  7  2  1
   0.246820140900E-02  8  7  2  2
   0.738316815573E-06  8  7  3  1
   0.299053014518E-04  8  7  3  2
  -0.567612257241E-02  8  7  3  3
  -0.131149665784E-06  8  7  4  1
   0.573389947380E-05  8  7  4  2
   0.298495453941E-04  8  7  4  3
   0.246874886914E-02  8  7  4  4
   0.292227124342E-08  8  7  5  1
  -0.161023078821E-06  8  7  5  2
   0.506626878218E-06  8  7  5  3
  -0.257689110026E-04  8  7  5  4
   0.275946046894E-03  8  7  5  5
  -0.289015317135E-04  8  7  6  1
   0.140850578392E-03  8  7  6  2
  -0.823332575021E-06  8  7  6  3
   0.855592379667E-06  8  7  6  4
  -0.206785323489E-07  8  7  6  5
   0.722052482021E-03  8  7  6  6
  -0.842904891914E-05  8  7  7  1
   0.297511787305E-03  8  7  7  2
  -0.104195470390E-02  8  7  7  3
  -0.529217982106E-04  8  7  7  4
   0.177362184547E-05  8  7  7  5
   0.584832383744E-04  8  7  7  6
   0.285824640753E-02  8  7  7  7
   0.150317009405E-05  8  7  8  1
  -0.529211537807E-04  8  7  8  2
  -0.104200171529E-02  8  7  8  3
   0.297561404836E-03  8  7  8  4
  -0.863063724235E-05  8  7  8  5
  -0.885902295110E-05  8  7  8  6
   0.431562150625E-03  8  7  8  7
   0.985059227538E-01  8  8  1  1
  -0.100785280952E-03  8  8  2  1
   0.165885903096      8  8  2  2
  -0.111503398367E-03  8  8  3  1
   0.246736209557E-02  8  8  3  2
   0.460235204482      8  8  3  3
   0.338354578924E-05  8  8  4  1
  -0.158432497284E-03  8  8  4  2
  -0.567612257025E-02  8  8  4  3
   0.460232919449      8  8  4  4
  -0.150695360714E-06  8  8  5  1
   0.605461039459E-05  8  8  5  2
   0.158182844849E-03  8  8  5  3
  -0.241691650199E-02  8  8  5  4
   0.165690497441      8  8  5  5
  -0.468832675340E-03  8  8  6  1
   0.124424991362E-02  8  8  6  2
   0.537127410940E-03  8  8  6  3
  -0.225890063533E-04  8  8  6  4
   0.949197070428E-06  8  8  6  5
   0.124494475488      8  8  6  6
   0.118481548954E-03  8  8  7  1
  -0.346849981348E-02  8  8  7  2
  -0.125724094959E-01  8  8  7  3
   0.106411679881E-02  8  8  7  4
  -0.368837901264E-04  8  8  7  5
  -0.702582956484E-03  8  8  7  6
   0.247826874514      8  8  7  7
   0.448529222070E-04  8  8  8  1
  -0.785260692077E-03  8  8  8  2
  -0.140234032368E-01  8  8  8  3
  -0.140240134594E-01  8  8  8  4
   0.766639632821E-03  8  8  8  5
  -0.209233081785E-03  8  8  8  6
   0.285819301862E-02  8  8  8  7
   0.891415558498      8  8  8  8
  -0.222177188055E-05  9  1  1  1
   0.849326968126E-07  9  1  2  1
   0.118354746174E-05  9  1  2  2
   0.348687362612E-08  9  1  3  1
  -0.170101149979E-07  9  1  3  2
   0.847953960492E-06  9  1  3  3
   0.189021337330E-09  9  1  4  1
  -0.136027509787E-08  9  1  4  2
  -0.307319810675E-07  9  1  4  3
   0.676690700908E-06  9  1  4  4
  -0.967031819869E-11  9  1  5  1
   0.700629463420E-10  9  1  5  2
   0.127008516011E-08  9  1  5  3
   0.790862687050E-09  9  1  5  4
  -0.121306507063E-05  9  1  5  5
   0.299840798028E-06  9  1  6  1
  -0.118055053065E-06  9  1  6  2
  -0.729844993050E-08  9  1  6  3
  -0.429620464322E-09  9  1  6  4
   0.235855233220E-10  9  1  6  5
   0.800970386776E-06  9  1  6  6
  -0.176235636472E-07  9  1  7  1
   0.522061885386E-07  9  1  7  2
   0.400626766645E-07  9  1  7  3
   0.634256309931E-08  9  1  7  4
  -0.283499876977E-09  9  1  7  5
   0.344155221807E-07  9  1  7  6
   0.955732452133E-06  9  1  7  7
  -0.749758340653E-09  9  1  8  1
   0.425077263622E-08  9  1  8  2
   0.573673269520E-07  9  1  8  3
   0.109436999284E-06  9  1  8  4
  -0.422045934066E-08  9  1  8  5
   0.152976978514E-08  9  1  8  6
  -0.164528662331E-07  9  1  8  7
   0.943316516947E-06  9  1  8  8
   0.604206496557E-10  9  1  9  1
   0.963567319825E-05  9  2  1  1
   0.286001146471E-06  9  2  2  1
   0.508527052202E-04  9  2  2  2
  -0.900897687584E-09  9  2  3  1
   0.179369432911E-05  9  2  3  2
  -0.369664755708E-04  9  2  3  3
  -0.132412913503E-08  9  2  4  1
   0.100222357748E-06  9  2  4  2
   0.864856168595E-06  9  2  4  3
  -0.227752815802E-04  9  2  4  4
   0.670405721608E-10  9  2  5  1
  -0.445665923283E-08  9  2  5  2
  -0.323456753123E-07  9  2  5  3
   0.512026930932E-07  9  2  5  4
   0.292696522352E-04  9  2  5  5
  -0.133654048329E-05  9  2  6  1
  -0.100124909076E-05  9  2  6  2
   0.863634554788E-07  9  2  6  3
   0.102810272687E-07  9  2  6  4
  -0.483029971217E-09  9  2  6  5
   0.292695882858E-04  9  2  6  6
  -0.577891323487E-07  9  2  7  1
  -0.711487576954E-05  9  2  7  2
  -0.235476670904E-05  9  2  7  3
  -0.257613804235E-06  9  2  7  4
   0.102810115642E-07  9  2  7  5
   0.512018052107E-07  9  2  7  6
  -0.227753375661E-04  9  2  7  7
   0.282347559909E-08  9  2  8  1
  -0.413659403096E-06  9  2  8  2
  -0.150357479244E-05  9  2  8  3
  -0.235476860651E-05  9  2  8  4
   0.863632760856E-07  9  2  8  5
  -0.323457059627E-07  9  2  8  6
   0.864855887719E-06  9  2  8  7
  -0.369664615122E-04  9  2  8  8
  -0.721675969684E-09  9  2  9  1
   0.314225161371E-07  9  2  9  2
   0.349419715418E-04  9  3  1  1
  -0.935771654546E-06  9  3  2  1
   0.173478925378E-03  9  3  2  2
   0.941816583922E-07  9  3  3  1
  -0.862858033623E-05  9  3  3  2
   0.785260630605E-03  9  3  3  3
  -0.174995742755E-07  9  3  4  1
   0.488900219931E-06  9  3  4  2
   0.529211537206E-04  9  3  4  3
  -0.106385382528E-02  9  3  4  4
   0.150550256336E-08  9  3  5  1
  -0.394408660600E-07  9  3  5  2
  -0.230906912498E-05  9  3  5  3
   0.529836645550E-06  9  3  5  4
   0.544771834326E-03  9  3  5  5
  -0.156500139702E-05  9  3  6  1
   0.664877858279E-05  9  3  6  2
  -0.113429464430E-05  9  3  6  3
   0.836819902560E-07  9  3  6  4
  -0.769266693676E-08  9  3  6  5
   0.709111104065E-04  9  3  6  6
   0.892811328799E-06  9  3  7  1
  -0.287622057147E-04  9  3  7  2
   0.444270815418E-04  9  3  7  3
  -0.416884655739E-05  9  3  7  4
   0.256743912511E-06  9  3  7  5
  -0.529963858188E-05  9  3  7  6
   0.546867401062E-03  9  3  7  7
  -0.482590084149E-07  9  3  8  1
   0.130067649616E-05  9  3  8  2
  -0.164040831885E-03  9  3  8  3
  -0.793662571241E-04  9  3  8  4
   0.418670257171E-05  9  3  8  5
   0.304318026921E-06  9  3  8  6
  -0.812447615639E-06  9  3  8  7
  -0.106443929080E-02  9  3  8  8
  -0.161865283041E-07  9  3  9  1
   0.413659523011E-06  9  3  9  2
   0.171732943155E-04  9  3  9  3
   0.184029511159E-03  9  4  1  1
  -0.138152871547E-05  9  4  2  1
   0.575985653617E-03  9  4  2  2
  -0.132661385528E-05  9  4  3  1
   0.309102445203E-04  9  4  3  2
   0.346849981339E-02  9  4  3  3
   0.177033301076E-06  9  4  4  1
  -0.620044095575E-05  9  4  4  2
  -0.297511786328E-03  9  4  4  3
   0.140321930588E-01  9  4  4  4
   0.241133086874E-07  9  4  5  1
  -0.543349199667E-06  9  4  5  2
  -0.118390473895E-04  9  4  5  3
  -0.104213834554E-02  9  4  5  4
   0.124957221193E-01  9  4  5  5
  -0.387643917820E-05  9  4  6  1
   0.112756496596E-04  9  4  6  2
   0.655106160543E-05  9  4  6  3
  -0.992499940833E-06  9  4  6  4
  -0.124256375371E-06  9  4  6  5
   0.312958178936E-03  9  4  6  6
   0.128887233347E-05  9  4  7  1
  -0.366993019222E-04  9  4  7  2
  -0.160970103931E-03  9  4  7  3
   0.444076798741E-04  9  4  7  4
   0.235709441480E-05  9  4  7  5
  -0.726982194705E-05  9  4  7  6
   0.124338417485E-02  9  4  7  7
   0.123981728944E-05  9  4  8  1
  -0.287622068360E-04  9  4  8  2
  -0.761770753261E-03  9  4  8  3
   0.145932797003E-02  9  4  8  4
   0.795198427204E-04  9  4  8  5
  -0.629517265948E-05  9  4  8  6
   0.140820598868E-03  9  4  8  7
   0.125758520562E-01  9  4  8  8
  -0.303652559828E-06  9  4  9  1
   0.711487854544E-05  9  4  9  2
   0.163965530710E-03  9  4  9  3
   0.103356752570E-01  9  4  9  4
  -0.120103729410E-03  9  5  1  1
   0.467054253142E-06  9  5  2  1
  -0.313797009137E-03  9  5  2  2
   0.357613749522E-06  9  5  3  1
  -0.743255895944E-05  9  5  3  2
  -0.124424991373E-02  9  5  3  3
   0.266463478807E-06  9  5  4  1
  -0.635438080983E-05  9  5  4  2
  -0.140850578453E-03  9  5  4  3
  -0.125790082386E-01  9  5  4  4
  -0.653260954268E-07  9  5  5  1
   0.158116549425E-05  9  5  5  2
   0.316810429390E-04  9  5  5  3
   0.102985089132E-02  9  5  5  4
  -0.136873300756E-01  9  5  5  5
   0.172108800268E-05  9  5  6  1
  -0.438333178439E-05  9  5  6  2
  -0.168028064059E-05  9  5  6  3
  -0.140209988749E-05  9  5  6  4
   0.345961396773E-06  9  5  6  5
  -0.189262390781E-03  9  5  6  6
  -0.414268484270E-06  9  5  7  1
   0.112756496611E-04  9  5  7  2
   0.366901030625E-04  9  5  7  3
   0.287835972911E-04  9  5  7  4
  -0.702970925850E-05  9  5  7  5
   0.232848264993E-05  9  5  7  6
  -0.576525229198E-03  9  5  7  7
  -0.299413103664E-06  9  5  8  1
   0.664877883699E-05  9  5  8  2
   0.160896724590E-03  9  5  8  3
   0.761835113649E-03  9  5  8  4
  -0.162088754335E-03  9  5  8  5
   0.150271968438E-05  9  5  8  6
  -0.309137877205E-04  9  5  8  7
  -0.346947682520E-02  9  5  8  8
  -0.380233297816E-07  9  5  9  1
   0.100124669809E-05  9  5  9  2
   0.443270910661E-04  9  5  9  3
   0.145737397996E-02  9  5  9  4
   0.102630183756E-01  9  5  9  5
   0.611149597718E-05  9  6  1  1
  -0.145619199451E-07  9  6  2  1
  -0.375438361110E-05  9  6  2  2
  -0.573357684727E-08  9  6  3  1
   0.163397675210E-06  9  6  3  2
  -0.605461171197E-05  9  6  3  3
  -0.438082451098E-09  9  6  4  1
   0.106447228444E-07  9  6  4  2
   0.161023154176E-06  9  6  4  3
  -0.372788640631E-05  9  6  4  4
   0.231162398288E-10  9  6  5  1
  -0.489461188635E-09  9  6  5  2
  -0.634387655207E-08  9  6  5  3
   0.680298162626E-09  9  6  5  4
   0.646522204868E-05  9  6  5  5
   0.230052550756E-06  9  6  6  1
   0.158116326984E-05  9  6  6  2
   0.852068350010E-07  9  6  6  3
   0.445115619776E-08  9  6  6  4
  -0.217377401382E-09  9  6  6  5
   0.113920601460E-04  9  6  6  6
   0.204356776385E-07  9  6  7  1
  -0.543349113051E-06  9  6  7  2
  -0.282133343358E-06  9  6  7  3
  -0.390268969328E-07  9  6  7  4
   0.161311473481E-08  9  6  7  5
  -0.393263369205E-06  9  6  7  6
  -0.595840774804E-05  9  6  7  7
   0.144714274537E-08  9  6  8  1
  -0.394408601564E-07  9  6  8  2
  -0.280852847501E-06  9  6  8  3
  -0.537457802495E-06  9  6  8  4
   0.199741108740E-07  9  6  8  5
  -0.184112653402E-07  9  6  8  6
   0.115216066352E-06  9  6  8  7
  -0.588063855799E-05  9  6  8  8
  -0.191639395983E-09  9  6  9  1
   0.445666170799E-08  9  6  9  2
   0.844284303191E-07  9  6  9  3
   0.158556863085E-05  9  6  9  4
   0.196817808159E-06  9  6  9  5
   0.145801832266E-08  9  6  9  6
  -0.177617500469E-04  9  7  1  1
   0.913022415212E-06  9  7  2  1
  -0.128126489315E-03  9  7  2  2
  -0.665685021939E-07  9  7  3  1
   0.486449884465E-06  9  7  3  2
   0.158432514569E-03  9  7  3  3
   0.525509167879E-08  9  7  4  1
  -0.224859654954E-06  9  7  4  2
  -0.573389949798E-05  9  7  4  3
   0.158394961450E-03  9  7  4  4
  -0.288430783244E-09  9  7  5  1
   0.106447207433E-07  9  7  5  2
   0.223832710212E-06  9  7  5  3
  -0.434814174855E-06  9  7  5  4
  -0.127590593929E-03  9  7  5  5
   0.140995847370E-05  9  7  6  1
  -0.635438039500E-05  9  7  6  2
   0.302666812264E-06  9  7  6  3
  -0.320048887906E-07  9  7  6  4
   0.166988867856E-08  9  7  6  5
  -0.428408323196E-04  9  7  6  6
   0.152686546447E-06  9  7  7  1
  -0.620044318882E-05  9  7  7  2
   0.320942615215E-04  9  7  7  3
   0.232350503588E-05  9  7  7  4
  -0.995346842063E-07  9  7  7  5
  -0.124056290823E-05  9  7  7  6
  -0.211155373672E-03  9  7  7  7
  -0.187743828316E-08  9  7  8  1
   0.488900210424E-06  9  7  8  2
   0.118177632574E-04  9  7  8  3
   0.118229017339E-04  9  7  8  4
  -0.494545052431E-06  9  7  8  5
   0.327309602569E-07  9  7  8  6
  -0.895400730736E-05  9  7  8  7
   0.225316165523E-03  9  7  8  8
   0.330859317497E-08  9  7  9  1
  -0.100222375312E-06  9  7  9  2
  -0.232365655069E-05  9  7  9  3
  -0.320849505519E-04  9  7  9  4
  -0.618890020839E-05  9  7  9  5
  -0.183255483492E-07  9  7  9  6
   0.714994994519E-06  9  7  9  7
  -0.730859605062E-04  9  8  1  1
   0.989683105961E-06  9  8  2  1
  -0.276351984398E-03  9  8  2  2
   0.104320733768E-05  9  8  3  1
  -0.261216892168E-04  9  8  3  2
  -0.246736208763E-02  9  8  3  3
   0.720922248483E-09  9  8  4  1
   0.486449888816E-06  9  8  4  2
  -0.299053015370E-04  9  8  4  3
   0.567529201353E-02  9  8  4  4
  -0.707909741873E-08  9  8  5  1
   0.163397684819E-06  9  8  5  2
   0.572800838845E-05  9  8  5  3
   0.312561841272E-04  9  8  5  4
  -0.245703079666E-02  9  8  5  5
   0.215716620964E-05  9  8  6  1
  -0.743255892190E-05  9  8  6  2
  -0.530341506024E-05  9  8  6  3
   0.613009115138E-07  9  8  6  4
   0.355351151306E-07  9  8  6  5
  -0.133794280140E-03  9  8  6  6
  -0.101837647841E-05  9  8  7  1
   0.309102443708E-04  9  8  7  2
   0.140746036814E-03  9  8  7  3
  -0.803862731060E-06  9  8  7  4
  -0.865446801324E-06  9  8  7  5
   0.587434836557E-05  9  8  7  6
  -0.724079822457E-03  9  8  7  7
   0.166381536304E-06  9  8  8  1
  -0.862858004345E-05  9  8  8  2
  -0.297615691187E-03  9  8  8  3
   0.104215285953E-02  9  8  8  4
  -0.527079341768E-04  9  8  8  5
  -0.120408829674E-05  9  8  8  6
   0.582237606817E-04  9  8  8  7
  -0.285517010822E-02  9  8  8  8
   0.756690130749E-07  9  8  9  1
  -0.179369483862E-05  9  8  9  2
  -0.529168299855E-04  9  8  9  3
  -0.104127782885E-02  9  8  9  4
  -0.296936595810E-03  9  8  9  5
  -0.389473296865E-06  9  8  9  6
   0.895604742472E-05  9  8  9  7
   0.431484964003E-03  9  8  9  8
   0.706780959484E-01  9  9  1  1
   0.917020534077E-06  9  9  2  1
   0.997798263584E-01  9  9  2  2
  -0.157670351552E-04  9  9  3  1
   0.276351986576E-03  9  9  3  2
   0.165885903096      9  9  3  3
  -0.553151629823E-05  9  9  4  1
   0.128126509427E-03  9  9  4  2
   0.246820141449E-02  9  9  4  3
   0.460176703094      9  9  4  4
  -0.134518621907E-06  9  9  5  1
   0.375437280232E-05  9  9  5  2
   0.158380169423E-03  9  9  5  3
   0.566252456678E-02  9  9  5  4
   0.458939110337      9  9  5  5
  -0.135903366299E-03  9  9  6  1
   0.313797009098E-03  9  9  6  2
   0.689722891414E-04  9  9  6  3
   0.291371303351E-04  9  9  6  4
   0.719502117003E-06  9  9  6  5
   0.831489727616E-01  9  9  6  6
   0.180583701570E-04  9  9  7  1
  -0.575985653614E-03  9  9  7  2
  -0.124255472787E-02  9  9  7  3
  -0.547136805325E-03  9  9  7  4
  -0.228134568330E-04  9  9  7  5
  -0.126803261506E-03  9  9  7  6
   0.124607204551      9  9  7  7
   0.879435990740E-05  9  9  8  1
  -0.173478938756E-03  9  9  8  2
  -0.346647173682E-02  9  9  8  3
  -0.125683968535E-01  9  9  8  4
  -0.105951039689E-02  9  9  8  5
  -0.425317284441E-04  9  9  8  6
   0.724603328868E-03  9  9  8  7
   0.247808794566      9  9  8  8
  -0.211778897092E-05  9  9  9  1
   0.508528378551E-04  9  9  9  2
   0.786421680655E-03  9  9  9  3
   0.140049185557E-01  9  9  9  4
  -0.140538061386E-01  9  9  9  5
   0.113260669106E-04  9  9  9  6
  -0.211187373795E-03  9  9  9  7
  -0.286050970882E-02  9  9  9  8
   0.891237291255      9  9  9  9
  -0.931140385774E-07 10  1  1  1
   0.349898468004E-08 10  1  2  1
   0.458047205827E-07 10  1  2  2
   0.146757710984E-09 10  1  3  1
  -0.776377666947E-09 10  1  3  2
   0.197424747596E-07 10  1  3  3
   0.695954116697E-11 10  1  4  1
  -0.301173236729E-10 10  1  4  2
  -0.582526423362E-09 10  1  4  3
   0.321896039307E-07 10  1  4  4
  -0.423966872729E-12 10  1  5  1
   0.343385181465E-11 10  1  5  2
   0.623668690037E-10 10  1  5  3
   0.147229380062E-08 10  1  5  4
   0.308187555229E-07 10  1  5  5
   0.123339773564E-07 10  1  6  1
  -0.491733670699E-08 10  1  6  2
  -0.317303402311E-09 10  1  6  3
  -0.130326196958E-10 10  1  6  4
   0.112007597970E-11 10  1  6  5
   0.309704910732E-07 10  1  6  6
  -0.732132032389E-09 10  1  7  1
   0.242931395317E-08 10  1  7  2
   0.209514184758E-08 10  1  7  3
   0.119780498392E-09 10  1  7  4
  -0.130418398992E-10 10  1  7  5
   0.147138863592E-08 10  1  7  6
   0.322215920948E-07 10  1  7  7
  -0.310390443790E-10 10  1  8  1
   0.161646700627E-09 10  1  8  2
   0.229210099569E-08 10  1  8  3
   0.209548740782E-08 10  1  8  4
  -0.317499808133E-09 10  1  8  5
   0.623230517662E-10 10  1  8  6
  -0.582473589017E-09 10  1  8  7
   0.197328267903E-07 10  1  8  8
   0.165065619546E-11 10  1  9  1
  -0.805254459340E-11 10  1  9  2
  -0.161699132530E-09 10  1  9  3
  -0.243056299015E-08 10  1  9  4
   0.492180308421E-08 10  1  9  5
  -0.343227720906E-11 10  1  9  6
   0.301266753028E-10 10  1  9  7
   0.776626059567E-09 10  1  9  8
   0.457367339787E-07 10  1  9  9
   0.119895587179E-12 10  1 10  1
   0.404507175649E-06 10  2  1  1
   0.112816380894E-07 10  2  2  1
   0.211784369981E-05 10  2  2  2
  -0.191877439213E-09 10  2  3  1
   0.756692071673E-07 10  2  3  2
  -0.943306675866E-06 10  2  3  3
  -0.326245958199E-10 10  2  4  1
   0.330860653871E-08 10  2  4  2
   0.164529020421E-07 10  2  4  3
  -0.955734682736E-06 10  2  4  4
   0.357430498056E-11 10  2  5  1
  -0.191639714598E-09 10  2  5  2
  -0.152976452075E-08 10  2  5  3
  -0.344153760947E-07 10  2  5  4
  -0.800995171321E-06 10  2  5  5
  -0.547016765891E-07 10  2  6  1
  -0.380228045773E-07 10  2  6  2
   0.422038293916E-08 10  2  6  3
   0.283498313622E-09 10  2  6  4
  -0.235856185272E-10 10  2  6  5
   0.121309401308E-05 10  2  6  6
  -0.186641052570E-08 10  2  7  1
  -0.303653577395E-06 10  2  7  2
  -0.109437733935E-06 10  2  7  3
  -0.634259449284E-08 10  2  7  4
   0.429620498738E-09 10  2  7  5
  -0.790456245390E-09 10  2  7  6
  -0.676665611883E-06 10  2  7  7
   0.119429616797E-09 10  2  8  1
  -0.161865805508E-07 10  2  8  2
  -0.573675316789E-07 10  2  8  3
  -0.400626958463E-07 10  2  8  4
   0.729841929116E-08 10  2  8  5
  -0.127007346945E-08 10  2  8  6
   0.307321294489E-07 10  2  8  7
  -0.847951076641E-06 10  2  8  8
  -0.932045815318E-11 10  2  9  1
   0.721678205249E-09 10  2  9  2
   0.425077235925E-08 10  2  9  3
   0.522059802749E-07 10  2  9  4
  -0.118054430952E-06 10  2  9  5
   0.700624512159E-10 10  2  9  6
  -0.136028041861E-08 10  2  9  7
  -0.170100800746E-07 10  2  9  8
  -0.118355653844E-05 10  2  9  9
  -0.165136813054E-11 10  2 10  1
   0.604206842243E-10 10  2 10  2
   0.198980953129E-05 10  3  1  1
  -0.414087229823E-07 10  3  2  1
   0.879435212519E-05 10  3  2  2
  -0.278993265865E-08 10  3  3  1
  -0.166381632168E-06 10  3  3  2
   0.448528862062E-04 10  3  3  3
  -0.129698193740E-09 10  3  4  1
   0.187744850820E-08 10  3  4  2
   0.150316996586E-05 10  3  4  3
  -0.350537839865E-04 10  3  4  4
   0.598323803890E-10 10  3  5  1
  -0.144714266570E-08 10  3  5  2
  -0.879554061343E-07 10  3  5  3
  -0.832788355423E-06 10  3  5  4
  -0.245868707532E-04 10  3  5  5
  -0.750216116448E-07 10  3  6  1
   0.299412925353E-06 10  3  6  2
  -0.103930185970E-07 10  3  6  3
   0.140406669829E-09 10  3  6  4
  -0.301000930067E-09 10  3  6  5
   0.385315527549E-05 10  3  6  6
   0.390852694068E-07 10  3  7  1
  -0.123981678582E-05 10  3  7  2
   0.834874594849E-06 10  3  7  3
  -0.620210712076E-07 10  3  7  4
   0.909465049181E-08 10  3  7  5
  -0.230321642460E-06 10  3  7  6
   0.256514478824E-04 10  3  7  7
  -0.122241377219E-08 10  3  8  1
   0.482589586315E-07 10  3  8  2
  -0.615836711710E-05 10  3  8  3
  -0.183819143180E-05 10  3  8  4
   0.235908318167E-06 10  3  8  5
   0.944366608222E-08 10  3  8  6
  -0.644061886616E-07 10  3  8  7
  -0.196006076759E-04 10  3  8  8
  -0.119433151179E-09 10  3  9  1
   0.282346996211E-08 10  3  9  2
   0.348383046587E-06 10  3  9  3
   0.117161337232E-05 10  3  9  4
  -0.223360407457E-05 10  3  9  5
   0.539200799294E-09 10  3  9  6
  -0.253707567289E-07 10  3  9  7
  -0.717740843700E-06 10  3  9  8
  -0.385717517327E-04 10  3  9  9
  -0.310553841607E-10 10  3 10  1
   0.749756656567E-09 10  3 10  2
   0.259441295550E-07 10  3 10  3
   0.402082431640E-05 10  4  1  1
  -0.521119195494E-07 10  4  2  1
   0.180583705339E-04 10  4  2  2
  -0.447499698423E-07 10  4  3  1
   0.101837648889E-05 10  4  3  2
   0.118481549807E-03 10  4  3  3
   0.399534346856E-08 10  4  4  1
  -0.152686502770E-06 10  4  4  2
  -0.842904891198E-05 10  4  4  3
   0.534440283862E-03 10  4  4  4
   0.892531149494E-09 10  4  5  1
  -0.204356559547E-07 10  4  5  2
  -0.519346067775E-06 10  4  5  3
  -0.481998292571E-04 10  4  5  4
  -0.103100522391E-02 10  4  5  5
  -0.146435237474E-06 10  4  6  1
   0.414268485318E-06 10  4  6  2
   0.218653648983E-06 10  4  6  3
  -0.226045432565E-07 10  4  6  4
  -0.466680055595E-08 10  4  6  5
   0.854514605776E-05 10  4  6  6
   0.460272850036E-07 10  4  7  1
  -0.128887233576E-05 10  4  7  2
  -0.525359934544E-05 10  4  7  3
   0.118971661127E-05 10  4  7  4
   0.904903901881E-07 10  4  7  5
  -0.257195285755E-06 10  4  7  6
   0.420732103343E-04 10  4  7  7
   0.390852892457E-07 10  4  8  1
  -0.892811364169E-06 10  4  8  2
  -0.231433907888E-04 10  4  8  3
   0.434111390496E-04 10  4  8  4
   0.415927216718E-05 10  4  8  5
  -0.197496664844E-06 10  4  8  6
   0.430854221008E-05 10  4  8  7
   0.410809374890E-03 10  4  8  8
   0.186631341423E-08 10  4  9  1
  -0.577893180993E-07 10  4  9  2
  -0.127536565346E-05 10  4  9  3
   0.135188305842E-03 10  4  9  4
  -0.772374355041E-04 10  4  9  5
  -0.106448135983E-07 10  4  9  6
   0.306876861373E-06 10  4  9  7
   0.125514258542E-05 10  4  9  8
  -0.112496308226E-02 10  4  9  9
  -0.732445737252E-09 10  4 10  1
   0.176235243184E-07 10  4 10  2
   0.390255761601E-06 10  4 10  3
   0.150713716968E-04 10  4 10  4
  -0.507735690808E-04 10  5  1  1
   0.168812842694E-06 10  5  2  1
  -0.135903366559E-03 10  5  2  2
   0.112944926268E-06 10  5  3  1
  -0.215716622748E-05 10  5  3  2
  -0.468832675879E-03 10  5  3  3
   0.597603873214E-07 10  5  4  1
  -0.140995872877E-05 10  5  4  2
  -0.289015318250E-04 10  5  4  3
  -0.311964682949E-02 10  5  4  4
   0.927664966096E-08 10  5  5  1
  -0.230053132107E-06 10  5  5  2
  -0.676967646919E-05 10  5  5  3
  -0.301072467616E-03 10  5  5  4
  -0.120709422896E-01 10  5  5  5
   0.727842249767E-06 10  5  6  1
  -0.172108800390E-05 10  5  6  2
  -0.511437968230E-06 10  5  6  3
  -0.314517470949E-06 10  5  6  4
  -0.492843301087E-07 10  5  6  5
  -0.820937833047E-04 10  5  6  6
  -0.146435236675E-06 10  5  7  1
   0.387643918211E-05 10  5  7  2
   0.102037638239E-04 10  5  7  3
   0.620130290200E-05 10  5  7  4
   0.114222965258E-05 10  5  7  5
   0.822716672502E-06 10  5  7  6
  -0.240270361632E-03 10  5  7  7
  -0.750216597878E-07 10  5  8  1
   0.156500150203E-05 10  5  8  2
   0.338398920308E-04 10  5  8  3
   0.150708061160E-03 10  5  8  4
   0.461731949941E-04 10  5  8  5
   0.368954783592E-06 10  5  8  6
  -0.683540601206E-05 10  5  8  7
  -0.106831781433E-02 10  5  8  8
   0.547012513957E-07 10  5  9  1
  -0.133654235079E-05 10  5  9  2
  -0.273063881109E-04 10  5  9  3
  -0.724460520198E-03 10  5  9  4
  -0.150265178543E-02 10  5  9  5
  -0.290697557865E-06 10  5  9  6
   0.601497888440E-05 10  5  9  7
   0.133950150835E-03 10  5  9  8
  -0.117077404344E-01 10  5  9  9
   0.123373072470E-07 10  5 10  1
  -0.299840641421E-06 10  5 10  2
  -0.598937031360E-05 10  5 10  3
  -0.141419834516E-03 10  5 10  4
   0.933162815646E-02 10  5 10  5
   0.255677809220E-06 10  6  1  1
  -0.660843362482E-09 10  6  2  1
  -0.134523449593E-06 10  6  2  2
  -0.254141313890E-09 10  6  3  1
   0.707901409099E-08 10  6  3  2
  -0.150695851105E-06 10  6  3  3
  -0.137571938337E-10 10  6  4  1
   0.288427507292E-09 10  6  4  2
   0.292226918588E-08 10  6  4  3
  -0.174020927968E-06 10  6  4  4
   0.112706550119E-11 10  6  5  1
  -0.231161436319E-10 10  6  5  2
  -0.314561115630E-09 10  6  5  3
  -0.764937666119E-08 10  6  5  4
  -0.167584539736E-06 10  6  5  5
   0.928051936547E-08 10  6  6  1
   0.653273433238E-07 10  6  6  2
   0.358465663294E-08 10  6  6  3
   0.156359358322E-09 10  6  6  4
  -0.983048035462E-11 10  6  6  5
   0.476520619326E-06 10  6  6  6
   0.892482536467E-09 10  6  7  1
  -0.241128807349E-07 10  6  7  2
  -0.139696104980E-07 10  6  7  3
  -0.808903660142E-09 10  6  7  4
   0.728637929009E-10 10  6  7  5
  -0.164947489731E-07 10  6  7  6
  -0.194918144322E-06 10  6  7  7
   0.598301684866E-10 10  6  8  1
  -0.150548667514E-08 10  6  8  2
  -0.110086917581E-07 10  6  8  3
  -0.973458765221E-08 10  6  8  4
   0.160954580290E-08 10  6  8  5
  -0.744318049356E-09 10  6  8  6
   0.402685085064E-08 10  6  8  7
  -0.127781841897E-06 10  6  8  8
  -0.357423085151E-11 10  6  9  1
   0.670397298194E-10 10  6  9  2
   0.798637559391E-09 10  6  9  3
   0.123235753291E-07 10  6  9  4
  -0.260081927936E-07 10  6  9  5
   0.363827557970E-10 10  6  9  6
  -0.184710530742E-09 10  6  9  7
  -0.377558955656E-08 10  6  9  8
  -0.241907322577E-06 10  6  9  9
  -0.424051413528E-12 10  6 10  1
   0.967022320136E-11 10  6 10  2
   0.160700303541E-09 10  6 10  3
   0.384590707000E-08 10  6 10  4
  -0.649951622078E-07 10  6 10  5
   0.299023816684E-11 10  6 10  6
  -0.807776056570E-06 10  7  1  1
   0.381704433905E-07 10  7  2  1
  -0.553151721646E-05 10  7  2  2
  -0.169128241170E-08 10  7  3  1
  -0.720943056173E-09 10  7  3  2
   0.338354566140E-05 10  7  3  3
   0.953231667595E-10 10  7  4  1
  -0.525509274496E-08 10  7  4  2
  -0.131149685878E-06 10  7  4  3
   0.588103727557E-05 10  7  4  4
  -0.137576946777E-10 10  7  5  1
   0.438082322576E-09 10  7  5  2
   0.952551342702E-08 10  7  5  3
   0.157916113622E-06 10  7  5  4
   0.407339914625E-05 10  7  5  5
   0.597603742103E-07 10  7  6  1
  -0.266463314222E-06 10  7  6  2
   0.759449399879E-08 10  7  6  3
  -0.596528889834E-09 10  7  6  4
   0.759844943328E-10 10  7  6  5
  -0.190154070918E-05 10  7  6  6
   0.399533835987E-08 10  7  7  1
  -0.177032587606E-06 10  7  7  2
   0.139638372216E-05 10  7  7  3
   0.719708519238E-07 10  7  7  4
  -0.390624143920E-08 10  7  7  5
  -0.368454971912E-07 10  7  7  6
  -0.964293358114E-05 10  7  7  7
  -0.129697715317E-09 10  7  8  1
   0.174995802712E-07 10  7  8  2
   0.462674031376E-06 10  7  8  3
   0.209662355004E-06 10  7  8  4
  -0.368471991679E-07 10  7  8  5
   0.130381737317E-08 10  7  8  6
  -0.339811488397E-06 10  7  8  7
   0.524106372335E-05 10  7  8  8
   0.326252198473E-10 10  7  9  1
  -0.132412735268E-08 10  7  9  2
  -0.320706972485E-07 10  7  9  3
  -0.219453491727E-06 10  7  9  4
   0.514382319309E-06 10  7  9  5
  -0.185622786474E-09 10  7  9  6
   0.155395006477E-07 10  7  9  7
   0.944621093655E-07 10  7  9  8
   0.638193950144E-05 10  7  9  9
   0.696322017094E-11 10  7 10  1
  -0.189021096122E-09 10  7 10  2
  -0.384051545152E-08 10  7 10  3
  -0.806268388319E-07 10  7 10  4
   0.135522692017E-05 10  7 10  5
  -0.374660989273E-10 10  7 10  6
   0.121025632361E-08 10  7 10  7
  -0.465400453141E-05 10  8  1  1
   0.456110635867E-07 10  8  2  1
  -0.157670340985E-04 10  8  2  2
   0.433829405911E-07 10  8  3  1
  -0.104320733304E-05 10  8  3  2
  -0.111503394055E-03 10  8  3  3
  -0.169128089474E-08 10  8  4  1
   0.665685043276E-07 10  8  4  2
   0.738316798147E-06 10  8  4  3
   0.149816811430E-03 10  8  4  4
  -0.254151012658E-09 10  8  5  1
   0.573357293430E-08 10  8  5  2
   0.200685066585E-06 10  8  5  3
   0.543813221562E-05 10  8  5  4
   0.163832707429E-03 10  8  5  5
   0.112944919911E-06 10  8  6  1
  -0.357613726980E-06 10  8  6  2
  -0.216657783916E-06 10  8  6  3
   0.114513719724E-07 10  8  6  4
   0.128644937241E-08 10  8  6  5
  -0.816778723062E-05 10  8  6  6
  -0.447499671844E-07 10  8  7  1
   0.132661379874E-05 10  8  7  2
   0.554158855542E-05 10  8  7  3
  -0.321812261046E-06 10  8  7  4
  -0.289270615883E-07 10  8  7  5
   0.256231538518E-06 10  8  7  6
  -0.370973363697E-04 10  8  7  7
  -0.278993987045E-08 10  8  8  1
  -0.941816564450E-07 10  8  8  2
  -0.520947701863E-05 10  8  8  3
   0.262135672689E-04 10  8  8  4
  -0.206059735982E-05 10  8  8  5
   0.229824253363E-08 10  8  8  6
   0.101716916107E-05 10  8  8  7
  -0.186124176103E-03 10  8  8  8
   0.191897166706E-09 10  8  9  1
  -0.900857946182E-09 10  8  9  2
  -0.355198259551E-06 10  8  9  3
  -0.953449410737E-05 10  8  9  4
   0.113737605740E-04 10  8  9  5
  -0.579058663487E-09 10  8  9  6
   0.138930485719E-07 10  8  9  7
   0.749597270370E-05 10  8  9  8
   0.229387808637E-03 10  8  9  9
   0.146826335898E-09 10  8 10  1
  -0.348686501167E-08 10  8 10  2
  -0.873103758320E-07 10  8 10  3
  -0.215798390962E-05 10  8 10  4
   0.270692629259E-04 10  8 10  5
  -0.762624693257E-09 10  8 10  6
   0.164115834087E-07 10  8 10  7
   0.600629781150E-06 10  8 10  8
  -0.119629233520E-04 10  9  1  1
  -0.704767918404E-07 10  9  2  1
  -0.917020521981E-06 10  9  2  2
  -0.456110671272E-07 10  9  3  1
   0.989683110245E-06 10  9  3  2
   0.100785280956E-03 10  9  3  3
  -0.381704901612E-07 10  9  4  1
   0.913022449414E-06 10  9  4  2
   0.205152221907E-04 10  9  4  3
   0.169667224932E-02 10  9  4  4
   0.661119918017E-09 10  9  5  1
  -0.145618769991E-07 10  9  5  2
  -0.463641288178E-07 10  9  5  3
  -0.431370793168E-04 10  9  5  4
  -0.569833118992E-02 10  9  5  5
  -0.168812842601E-06 10  9  6  1
   0.467054252678E-06 10  9  6  2
   0.218624221432E-06 10  9  6  3
   0.200869821952E-06 10  9  6  4
  -0.376553378183E-08 10  9  6  5
  -0.928678232432E-05 10  9  6  6
   0.521119197426E-07 10  9  7  1
  -0.138152871495E-05 10  9  7  2
  -0.498066387904E-05 10  9  7  3
  -0.415952823070E-05 10  9  7  4
   0.319846974322E-07 10  9  7  5
  -0.278758812083E-06 10  9  7  6
   0.234919768779E-04 10  9  7  7
   0.414087494666E-07 10  9  8  1
  -0.935771683133E-06 10  9  8  2
  -0.231889140344E-04 10  9  8  3
  -0.111630718473E-03 10  9  8  4
   0.211431523065E-05 10  9  8  5
  -0.209085667402E-06 10  9  8  6
   0.441043481575E-05 10  9  8  7
   0.397737356118E-03 10  9  8  8
   0.112815672922E-07 10  9  9  1
  -0.286000952642E-06 10  9  9  2
  -0.973520925472E-05 10  9  9  3
  -0.312462780183E-03 10  9  9  4
  -0.998623922888E-03 10  9  9  5
  -0.590102182792E-07 10  9  9  6
   0.155769415807E-05 10  9  9  7
   0.611723211646E-04 10  9  9  8
   0.128738574149E-02 10  9  9  9
  -0.350033868071E-08 10  9 10  1
   0.849325578112E-07 10  9 10  2
   0.176924996317E-05 10  9 10  3
   0.519321222818E-04 10  9 10  4
  -0.899965471784E-03 10  9 10  5
   0.184607358502E-07 10  9 10  6
  -0.384949941693E-06 10  9 10  7
  -0.888464791834E-05 10  9 10  8
   0.395831088876E-03 10  9 10  9
   0.547066347408E-01 10 10  1  1
   0.119629233581E-04 10 10  2  1
   0.706780959485E-01 10 10  2  2
  -0.465400501073E-05 10 10  3  1
   0.730859612864E-04 10 10  3  2
   0.985059227538E-01 10 10  3  3
  -0.807776193476E-06 10 10  4  1
   0.177617549778E-04 10 10  4  2
   0.263666811988E-03 10 10  4  3
   0.162498228018     10 10  4  4
   0.255681559023E-06 10 10  5  1
  -0.611150726260E-05 10 10  5  2
  -0.118801828266E-03 10 10  5  3
  -0.231188111035E-02 10 10  5  4
   0.439918152664     10 10  5  5
  -0.507735689316E-04 10 10  6  1
   0.120103729397E-03 10 10  6  2
   0.195870391978E-04 10 10  6  3
   0.429592295570E-05 10 10  6  4
  -0.134066245843E-05 10 10  6  5
   0.619003686675E-01 10 10  6  6
   0.402082411967E-05 10 10  7  1
  -0.184029511120E-03 10 10  7  2
  -0.302822317696E-03 10 10  7  3
  -0.680368260544E-04 10 10  7  4
   0.273058800311E-04 10 10  7  5
  -0.418865633807E-04 10 10  7  6
   0.823055221481E-01 10 10  7  7
   0.198981264849E-05 10 10  8  1
  -0.349419760245E-04 10 10  8  2
  -0.552495931604E-03 10 10  8  3
  -0.118055933903E-02 10 10  8  4
   0.510662167227E-03 10 10  8  5
  -0.934769420815E-05 10 10  8  6
   0.129211440880E-03 10 10  8  7
   0.122646267767     10 10  8  8
  -0.404496054846E-06 10 10  9  1
   0.963570170724E-05 10 10  9  2
   0.163877562117E-03 10 10  9  3
   0.324524732097E-02 10 10  9  4
  -0.114553500641E-01 10 10  9  5
   0.216592702627E-05 10 10  9  6
  -0.406685048231E-04 10 10  9  7
  -0.681398333823E-03 10 10  9  8
   0.240674642759     10 10  9  9
  -0.934223302256E-07 10 10 10  1
   0.222172176654E-05 10 10 10  2
   0.430326979286E-04 10 10 10  3
   0.795175771042E-03 10 10 10  4
  -0.845058601866E-02 10 10 10  5
   0.483602656471E-06 10 10 10  6
  -0.100500378421E-04 10 10 10  7
  -0.177315400186E-03 10 10 10  8
   0.342969423588E-02 10 10 10  9
   0.825337811247     10 10 10 10
   -1.72775533904      1  1  0  0
  -0.605275046779E-01  2  1  0  0
   -2.26542463756      2  2  0  0
  -0.335556129887E-02  3  1  0  0
   0.612583614308E-01  3  2  0  0
   -2.40114665500      3  3  0  0
  -0.182061792878E-03  4  1  0  0
   0.361782899405E-02  4  2  0  0
   0.610752705071E-01  4  3  0  0
   -2.35964309223      4  4  0  0
   0.100382108570E-04  5  1  0  0
  -0.198190685523E-03  5  2  0  0
  -0.361819732140E-02  5  3  0  0
  -0.615798581869E-01  5  4  0  0
   -2.09022538042      5  5  0  0
  -0.247372260831      6  1  0  0
   0.259702168291      6  2  0  0
   0.153568400397E-01  6  3  0  0
   0.843075230543E-03  6  4  0  0
  -0.467061391905E-04  6  5  0  0
   -2.09022538041      6  6  0  0
   0.145767662305E-01  7  1  0  0
  -0.258581247607      7  2  0  0
  -0.257629451599      7  3  0  0
  -0.152979931736E-01  7  4  0  0
   0.843075198931E-03  7  5  0  0
  -0.615798581761E-01  7  6  0  0
   -2.35964309222      7  7  0  0
   0.777838897182E-03  8  1  0  0
  -0.153275343510E-01  8  2  0  0
  -0.257370917709      8  3  0  0
  -0.257629451607      8  4  0  0
   0.153568400404E-01  8  5  0  0
  -0.361819723475E-02  8  6  0  0
   0.610752704634E-01  8  7  0  0
   -2.40114665499      8  8  0  0
  -0.428137946251E-04  9  1  0  0
   0.844851434266E-03  9  2  0  0
   0.153275343428E-01  9  3  0  0
   0.258581247591      9  4  0  0
  -0.259702168293      9  5  0  0
   0.198190583391E-03  9  6  0  0
  -0.361782886631E-02  9  7  0  0
  -0.612583614031E-01  9  8  0  0
   -2.26542463756      9  9  0  0
  -0.213432541131E-05 10  1  0  0
   0.428137480751E-04 10  2  0  0
   0.777838936254E-03 10  3  0  0
   0.145767662209E-01 10  4  0  0
  -0.247372260824     10  5  0  0
   0.100380999521E-04 10  6  0  0
  -0.182061758575E-03 10  7  0  0
  -0.335556128586E-02 10  8  0  0
   0.605275046835E-01 10  9  0  0
   -1.72775533903     10 10  0  0
    9.64484126984      0  0  0  0
